162.0
171.8
152.9
165.9
181.2
166.8
177.5
163.5
155.4
169.0
163.4
166.0
176.1
178.5
173.6
169.2
172.6
173.0
173.8
155.8
157.5
165.2
167.9
165.7
165.7
157.6
172.8
171.7
179.4
143.1
171.2
162.6
177.5
164.3
168.7
167.1
168.5
161.4
175.8
162.2
167.9
181.2
148.0
173.0
163.1
144.2
181.5
164.5
162.7
157.4
176.8
160.9
159.4
165.0
160.2
168.9
173.8
161.2
164.8
153.8
166.7
176.6
170.0
171.5
157.4
165.6
160.0
153.8
161.5
165.8
158.6
157.9
175.9
169.4
155.5
163.1
158.8
160.7
170.5
177.1
180.3
165.7
184.2
167.3
161.1
174.2
174.6
164.0
164.9
162.6
175.5
170.3
164.6
158.4
147.8
178.6
168.6
169.4
161.9
170.7
167.0
160.9
174.6
160.2
173.0
163.2
170.0
176.8
177.4
166.8
163.4
154.8
167.5
164.5
169.6
151.7
166.8
167.4
159.8
164.7
172.5
163.5
169.4
158.4
171.1
159.4
171.6
157.3
164.2
158.1
171.1
155.9
158.3
173.9
175.6
164.3
153.7
160.9
176.2
173.5
152.3
174.2
160.7
161.2
148.0
155.6
168.3
170.4
162.7
165.1
151.7
166.0
161.4
158.4
156.9
172.7
162.4
170.9
176.1
176.9
155.5
159.8
173.6
155.8
168.0
174.1
164.2
161.1
164.4
163.7
170.3
163.8
174.4
163.5
153.8
170.0
165.6
161.9
170.6
173.7
166.8
158.2
157.9
181.4
175.1
159.6
169.5
164.9
167.8
163.0
160.5
163.4
159.6
158.7
157.5
169.3
171.4
170.3
182.8
159.8
161.1
167.6
167.5
166.4
168.2
162.8
165.7
164.6
160.4
169.1
149.2
160.4
161.7
171.2
155.8
167.5
162.0
161.6
177.0
158.2
160.4
166.6
173.9
165.8
175.1
168.3
159.7
177.2
166.6
172.9
166.1
175.0
172.9
169.0
162.8
170.0
178.0
157.2
160.2
159.9
172.4
165.4
171.7
184.5
181.1
164.9
167.8
156.8
155.2
167.4
170.4
165.9
170.9
160.4
171.4
165.5
167.0
161.7
161.3
161.0
174.2
166.7
175.9
163.9
160.6
156.3
167.1
153.8
159.6
161.6
168.3
160.9
174.2
165.7
167.8
168.6
158.5
160.4
170.2
164.6
178.4
165.4
163.5
166.3
182.2
153.6
164.0
157.8
155.1
155.2
156.8
164.3
170.6
160.9
173.6
155.2
163.9
168.3
154.4
160.8
161.1
174.9
169.3
172.5
157.8
173.5
161.8
150.6
159.9
165.3
166.6
162.5
175.6
147.9
158.1
163.4
180.9
159.9
162.8
159.1
164.5
156.1
167.9
156.2
163.5
167.4
160.8
158.8
168.6
165.1
168.0
159.4
167.3
158.9
159.9
154.8
177.0
159.5
151.5
169.7
168.1
167.5
173.7
169.6
164.3
172.1
154.1
149.2
178.6
161.4
152.5
162.6
165.3
170.3
165.7
151.3
176.7
166.4
167.9
170.1
154.5
170.0
160.3
173.4
160.5
152.6
170.0
169.3
161.8
154.6
168.6
151.1
173.3
172.3
168.2
157.6
174.9
168.7
164.0
167.5
165.4
166.1
155.3
158.7
168.0
165.0
163.8
171.4
172.3
150.5
163.8
174.4
168.2
174.4
153.6
158.7
163.8
162.6
167.4
168.0
158.2
161.1
166.1
154.4
155.8
161.9
172.2
152.0
159.6
166.0
168.0
166.3
167.0
157.2
156.3
165.8
162.0
178.7
164.3
150.3
152.4
164.6
180.6
156.0
159.3
163.1
172.0
161.4
176.2
158.0
161.5
167.3
170.8
174.6
159.9
154.2
164.8
154.7
176.9
168.3
168.1
170.5
162.4
162.9
173.9
159.7
160.1
164.0
160.6
159.8
150.0
176.4
174.7
171.0
177.3
165.8
157.6
159.7
167.9
147.4
169.7
170.0
161.5
161.5
178.5
159.7
169.7
165.9
166.4
155.0
165.7
178.6
160.2
164.8
174.8
153.4
172.2
159.4
179.6
157.0
165.1
164.2
166.5
169.3
163.2
161.8
148.8
167.6
167.4
174.9
162.4
176.2
171.5
168.9
159.0
169.4
149.7
167.0
166.7
155.0
163.3
166.7
172.4
159.9
162.0
174.8
167.9
158.3
161.6
167.4
171.7
174.4
157.8
157.3
176.7
164.8
153.9
173.8
158.4
173.3
156.4
149.6
168.1
169.3
173.2
165.0
159.0
160.7
159.9
173.0
162.6
160.6
174.3
157.4
153.0
157.9
150.9
169.1
163.1
160.2
166.3
156.4
156.8
168.5
158.5
161.2
168.0
168.4
162.8
162.1
159.9
158.5
158.2
167.3
153.3
179.8
160.6
162.9
172.0
157.7
160.5
161.7
176.0
149.8
170.1
157.0
172.2
152.7
172.8
174.9
147.3
163.8
163.6
163.5
167.5
166.7
173.4
168.6
163.5
167.8
162.1
177.6
163.3
157.3
168.4
165.9
169.6
167.6
162.0
156.0
159.0
164.3
169.0
161.1
158.0
164.2
158.9
166.3
164.2
172.0
164.0
168.4
162.3
162.9
182.9
164.8
173.4
160.5
163.9
158.0
156.7
165.7
169.2
147.9
157.6
163.1
153.2
156.4
154.2
165.3
163.8
170.5
163.7
164.1
162.6
160.6
168.1
155.9
169.4
158.0
159.7
156.5
164.8
168.5
160.2
167.1
172.8
171.6
161.8
164.2
151.1
166.7
154.8
162.2
149.8
169.7
170.0
161.7
163.9
161.8
162.2
165.0
170.3
163.0
167.7
175.5
176.6
156.4
179.1
167.6
164.5
160.6
168.8
168.2
163.7
162.9
174.0
166.3
163.2
178.6
154.1
157.8
166.5
157.2
161.5
161.9
167.1
164.1
154.0
163.5
169.2
159.4
176.8
166.5
170.1
157.2
177.0
159.8
176.3
152.5
159.4
154.6
157.3
165.7
170.0
168.6
161.6
172.7
159.1
166.3
164.9
168.7
170.9
171.0
152.7
151.5
162.5
172.4
157.7
156.9
169.7
167.6
166.9
166.5
151.6
167.3
164.0
156.4
151.9
168.4
162.7
164.4
166.7
164.6
157.0
166.4
158.6
159.4
163.2
163.4
168.8
170.8
168.5
163.2
177.9
161.3
173.7
175.4
153.0
152.5
175.6
160.8
170.6
156.2
167.5
184.1
163.3
144.8
153.2
181.5
163.3
171.3
171.7
166.1
177.7
158.7
163.2
155.8
159.2
178.4
168.5
168.9
168.1
160.5
160.6
168.5
158.1
167.2
163.2
171.9
168.3
168.2
163.7
175.7
166.6
169.5
167.2
165.7
164.9
158.9
164.7
166.2
164.7
171.5
168.7
161.9
159.5
166.2
171.1
167.0
171.7
159.8
159.3
167.3
162.4
173.6
164.9
170.8
159.8
147.4
155.0
165.2
161.3
157.8
174.5
170.2
166.9
159.7
175.1
158.0
153.2
165.4
169.5
168.6
164.2
154.7
164.8
166.7
158.5
169.9
164.4
161.9
170.9
182.6
168.8
169.0
158.9
168.9
157.7
150.9
166.6
156.4
152.6
166.2
166.0
177.0
157.6
175.8
162.3
167.8
159.7
167.3
166.4
174.5
157.1
165.7
159.8
165.1
155.6
158.2
167.8
178.6
162.8
172.6
162.0
168.3
154.2
165.3
167.9
176.5
159.4
160.0
154.1
161.6
166.7
174.4
160.4
153.9
176.5
150.3
164.5
168.6
158.1
167.5
160.1
165.6
166.6
156.3
155.5
169.6
163.8
161.8
185.7
162.7
158.5
151.1
157.8
159.2
161.6
152.8
165.2
160.0
161.2
159.2
167.2
160.1
149.8
165.1
163.6
169.8
159.1
176.3
168.3
157.6
157.7
150.6
149.8
161.9
162.3
153.3
156.3
160.8
159.0
156.1
172.6
156.4
163.3
169.6
162.3
175.3
173.3
147.4
163.5
169.4
166.0
161.0
172.1
158.1
158.5
168.8
170.9
163.3
156.4
161.4
166.2
168.7
165.2
178.4
174.2
166.0
170.7
163.6
165.5
169.7
166.3
163.2
172.9
159.0
166.6
162.3
170.2
167.4
154.2
165.6
153.8
170.1
173.7
160.3
168.2
172.7
168.6
174.0
156.7
170.6
172.9
166.8
165.0
162.2
160.0
163.5
164.7
160.6
159.5
172.2
151.6
152.1
167.5
169.0
166.0
163.8
162.4
163.4
172.2
175.4
176.1
157.5
159.9
148.8
154.7
173.6
155.0
157.1
163.5
155.1
167.0
167.3
173.5
176.2
155.7
164.7